[0.8848083474124924, 0.8855164473573593, 0.8868743002781759, 0.8903873021598927, 0.8883084828118608, 0.8893679645535822, 0.892794166002136, 0.8865603189928984, 0.8926497668282917, 0.8867901318724061]
[4022.5465814580693, 4010.1573535211805, 3988.0801145413316, 3929.5156190044595, 3964.261343554433, 3946.541650610063, 3888.8007148734173, 3993.0535934294694, 3889.362415615187, 3989.3138507768476]
[5.356428772211075, 5.437787249684334, 5.3420498967170715, 5.32829575240612, 5.2961040288209915, 5.253206193447113, 5.191366001963615, 5.355082079768181, 5.272592231631279, 5.330603197216988]
[577.0023972988129, 556.3700723648071, 614.4115364551544, 620.4008319377899, 652.601756811142, 630.4856722354889, 639.3099231719971, 650.6678647994995, 644.2844269275665, 584.9691021442413]

AttentionBiLSTM agg pcc: 0.888406
AttentionBiLSTM agg RMSE: 3962.163324
AttentionBiLSTM agg MAPE: 5.316352
AttentionBiLSTM agg time: 617.050358

